12319
12171
14094
15586
15635
15638
17104
18224
18065
17829
19301
19507
18638
18226
18676
19111
18152
16404
16487
17629
16973
15918
16622
16565
16075
14960
15910
16733
16296
15790
16913
17793
16940
17222
18524
19285
19539
19457
19809
20684
32812
33809
35322
38347
37600
36481
37139
41513
39133
36989
38643
39505
39511
40738
37851
41167
38277
37572
36107
36790
35363
36803
35805
39644
37860
34783
34642
36171
35042
32925
33713
35716
33354
55427
37167
37729
35716
36240
39304
41468
39614
40906
40599
45519
39238
41305
40809
40436
35312
32397
33133
34344
34005
33272
36291
39192
34859
34987
37978
41333
38875
37044
39477
44605
38913
39029
42281
44625
41212
42818
43329
45880
44538
44513
43693
46953
42325
44579
45218
46829
44181
45357
