324847
324657
333612
342427
338164
332594
344193
352185
345013
343273
357225
365602
362552
359194
366550
374522
371956
365709
376737
385632
377400
375994
388363
395146
392338
386326
401097
408258
401250
395291
410836
418190
411165
406290
423375
435066
426922
416834
432319
440981
434508
427457
443430
452127
443640
430842
437824
436911
417332
406669
421742
430221
420302
416687
429445
437930
427413
423336
434215
444158
431170
427675
441913
453978
436936
438714
450049
465051
451233
455209
464069
474933
460527
465619
475145
487446
471449
473222
479671
498285
479658
484925
