823
780
1058
1397
1438
1821
1950
2777
2258
1509
1004
690
833
818
1067
1521
1559
1828
2177
3143
2547
1812
1006
737
962
872
1106
1671
1524
2261
2247
3268
2741
2018
1087
854
947
875
1156
1616
1646
2142
2677
3187
2711
2027
1098
912
1035
885
1336
1717
1828
2436
2480
3150
2968
2054
1235
950
1043
872
1365
1644
1651
2288
2277
3150
2830
2050
1424
1014
1129
1004
1572
1607
2116
2620
2865
3740
3318
2457
1465
1055
1305
1292
1644
2074
2391
2849
3148
4041
3462
2540
1603
1098
1406
1384
1679
2080
2133
3130
3326
3967
3729
3077
1695
1224
1724
1627
2055
2211
2478
3263
3353
4392
3878
3006
1647
1398
1808
1532
1925
2535
2468
3216
3392
4285
3799
3091
1884
1215
1695
1429
2024
2703
2317
2896
3323
4301
3734
3072
1929
1386
1879
1800
2391
2912
2993
3098
3645
4479
3937
3146
2075
1477
2047
1995
2572
2761
2968
3692
3845
4826
4216
3793
2240
1767
2036
2117
2618
2993
3330
4118
4161
5114
4620
4037
2387
2099
2267
2207
2712
3359
3486
4148
4356
5055
4616
4242
2536
2362
2253
2314
2965
3325
3299
4118
4143
5178
4569
4405
2975
2509
2541
2582
3031
3359
3910
4619
4580
5736
4865
4556
3459
2719
2817
3035
3327
3818
4604
4820
5139
6188
5648
4910
3661
2906
3183
3051
3645
4243
4605
5726
5391
6526
5822
5424
3465
2801
3019
3341
3782
4569
4693
5532
5931
7030
6275
5706
3746
3213
3533
3362
3947
4995
4590
6077
5982
7472
6198
5272
3918
2935
3357
3518
4135
4857
4704
6081
5866
7509
6322
5850
3925
3374
3572
3670
4284
4797
5377
6040
6240
7871
6288
5678
4050
3467
3838
3950
3982
5263
5102
6602
6367
8153
6713
6227
4273
3704
4293
3913
4615
5445
5394
6578
6494
8113
7160
6467
4284
3686
4444
4092
4594
6059
5806
6873
6724
8393
7261
6665
4440
4184
4475
4098
4922
5867
5450
6659
6827
8656
7517
6586
4234
4158
4724
4553
5085
5771
5873
6904
6835
8574
7058
5812
4132
3687
3905
3457
3924
5165
5090
5706
5842
7534
6399
5001
3542
3049
3406
3176
3580
4340
4650
5622
5921
7691
5934
5218
3356
2668
3468
3240
3627
4816
5193
5603
5739
7339
6184
5189
3326
3113
3260
3364
3635
4845
4658
6018
5662
7158
6399
5095
3368
3075
3467
3208
3518
4905
5057
5965
5937
7759
6426
4854
3558
3138
3721
3382
3537
4996
5655
6053
5997
7975
6554
5297
3724
3189
4019
3478
4235
5526
6046
6521
6803
8590
7017
5831
3975
3677
4289
4293
4446
6010
6058
6871
7073
9153
7849
6498
4340
3936
4840
4371
4870
6140
5780
7170
6940
