57.0
59.0
59.8
61.1
59.8
61.5
62.7
60.5
61.3
63.4
69.0
79.8
59.5
60.4
61.7
63.2
61.9
63.9
65.5
62.6
62.4
66.0
71.4
83.4
62.6
62.8
63.0
64.7
64.0
64.2
66.3
64.8
63.9
66.1
72.0
82.9
63.0
63.0
64.1
64.6
65.6
65.9
67.7
66.1
65.1
68.3
74.6
86.7
66.6
65.7
66.1
69.8
68.1
67.8
69.5
68.6
67.6
70.8
77.0
91.8
67.7
68.4
69.2
72.0
72.7
72.0
74.6
72.5
72.2
75.4
82.7
99.0
72.0
73.5
75.3
77.7
77.1
75.7
79.1
76.4
76.2
80.0
87.7
101.0
74.4
74.9
76.2
79.4
77.8
79.3
81.3
78.6
79.1
82.6
89.9
103.8
78.2
78.2
80.4
83.2
83.0
83.8
85.5
83.2
83.3
86.7
94.0
107.0
79.6
80.0
82.1
83.6
83.7
84.7
85.9
82.8
82.6
86.2
94.6
110.6
80.7
81.2
83.7
86.9
86.6
87.4
88.7
85.9
85.3
89.5
97.4
114.9
82.3
84.0
87.0
89.8
89.1
89.5
91.1
89.0
88.6
91.4
99.5
115.5
84.9
87.3
88.2
88.9
91.9
89.3
90.5
88.1
87.5
90.7
98.7
113.9
85.3
83.7
86.6
89.3
89.0
90.8
91.9
89.5
88.9
92.9
100.2
113.5
81.6
84.2
87.3
87.7
89.5
90.0
91.8
89.0
87.6
91.7
99.5
111.4
84.1
83.9
86.0
90.4
88.3
88.9
90.6
87.4
87.2
91.5
98.8
115.7
83.9
83.8
88.3
87.4
89.2
90.2
91.7
88.7
88.7
91.2
98.5
114.8
82.5
84.9
87.7
86.8
90.5
91.8
93.8
89.7
90.3
92.4
100.5
118.3
85.5
87.1
90.2
93.4
93.5
94.8
96.1
92.9
92.1
96.8
107.5
122.0
90.3
90.8
94.9
95.4
97.3
98.4
99.7
95.6
97.5
100.4
111.9
124.2
94.3
94.2
97.4
99.4
102.6
101.4
105.3
101.5
101.3
107.5
118.5
132.0
94.9
96.8
98.6
104.5
103.6
103.9
106.5
103.8
102.5
